103         1.000000          3.064804   1.0              0.000000   
104         1.000000          2.934123   1.0              0.000000   
105         1.000000          3.065008   1.0              0.000000   
106         1.000000          2.872024   1.0              0.000000   
107         1.000000          3.014358   1.0              0.000000   
108         1.000000          2.732763   1.0              0.000000   
109         1.000000          3.026720   1.0              0.000000   
110         1.000000          2.902645   1.0              0.000000   
111         1.000000          3.121909   1.0              0.000000   
112         1.000000          3.078234   1.0              0.000000   
113         1.000000          3.081430   1.0              0.000000   
114         1.000000          2.948692   1.0              0.000000   
115         1.000000          3.073830   1.0              0.000000   
116         1.000000          2.773200   1.0              0.000000   
117         1.000000          2.845686   1.0              0.000000   
118         1.000000          2.906347   1.0              0.000000   
119         1.000000          2.924109   1.0              0.000000   
120         1.000000          2.775017   1.0              0.000000   
121         1.000000          3.002624   1.0              0.000000   
122         1.000000          3.100911   1.0              0.000000   
123         1.000000          2.833732   1.0              0.000000   
124         1.000000          3.093131   1.0              0.000000   
125         1.000000          2.797683   1.0              0.000000   
126         1.000000          3.009104   1.0              0.000000   
127         1.000000          2.957526   1.0              0.000000   
128         1.000000          2.964874   1.0              0.000000   
129         1.000000          2.886644 
